111000000000000000000000000000
111000000000000000000000000000
111000000000000000000000000000
111111111111111111111111111000
111111111111111111111111111000
111111111111111111111111111000
111111111111111111111111111000
000000000000000000000111111000
000000000000000000000111111000
000000000000000000000111111000
000000000000000000000111111000
011111111111111111111111111000
011111111111111111111111111000
011111111111111111111111111000
011111111111111111111111111000
011111000000000000000000000000
011111000000000000000000000000
011111000000000000000000000000
011111000000000000000000000000
011111111111111111111111111110
011111111111111111111111111110
011111111111111111111111111110
011111111111111111111111111110
000000000000000000000000111110
000000000000000000000000111110
000000000000000000000000111110
000000000000000000000000111110
000000000000000000000000000000
000000000000000000000000000000
000000000000000000000000000000
